
17959 6666

42829 623690081

46589 28513

8737 1813

14621 450968417

48751 161735902

46271 227

18191 802329211

19081 317063340

3499 125660016

27809 13585

31957 21526

15679 404011431

35051 12868

27043 164163676

5101 880

43669 8283

42433 34546

12577 180999835

1087 870

641588609 973708325

10057 37119022

336131153 554374432

18493361 10768352

67230899 575207354

166205951 33674571

244313999 101948685

1438639 889089200

225877961 279509806

131893591 125233912

138569213 61744931
